# Version
5

# Width, height, number of samples per side
320 240 128

# Camera position (x, y, z), target position (x, y, z), up vector (x, y, z), FOV y (angle in degrees)
0.0 0.0 0.0 0.0 0.0 1.0 0.0 1.0 0.0 30.0

# Environment (r, g, b)
0.000 0.000 0.000

# Number of materials
108
# Albedo (r, g, b), emission (r, g, b), kind (0 - diffuse, 1 - mirror), metallic, roughness
1.000 1.000 1.000 0.000 0.000 0.000 0 0.100 0.050
0.900 0.600 0.300 0.000 0.000 0.000 0 0.000 0.990
1.000 1.000 1.000 0.000 0.000 0.000 0 0.000 0.990
0.600 0.900 0.300 0.000 0.000 0.000 0 0.000 0.990
0.000 0.000 0.000 40.000 0.000 0.000 0 0.000 0.990
0.000 0.000 0.000 0.000 40.000 0.000 0 0.000 0.990
0.000 0.000 0.000 0.000 0.000 40.000 0 0.000 0.990
0.000 0.000 0.000 40.000 40.000 40.000 0 0.000 0.990
1.000 0.300 0.300 0.000 0.000 0.000 0 0.000 0.005
1.000 0.300 0.300 0.000 0.000 0.000 0 0.111 0.005
1.000 0.300 0.300 0.000 0.000 0.000 0 0.222 0.005
1.000 0.300 0.300 0.000 0.000 0.000 0 0.333 0.005
1.000 0.300 0.300 0.000 0.000 0.000 0 0.444 0.005
1.000 0.300 0.300 0.000 0.000 0.000 0 0.556 0.005
1.000 0.300 0.300 0.000 0.000 0.000 0 0.667 0.005
1.000 0.300 0.300 0.000 0.000 0.000 0 0.778 0.005
1.000 0.300 0.300 0.000 0.000 0.000 0 0.889 0.005
1.000 0.300 0.300 0.000 0.000 0.000 0 1.000 0.005
1.000 0.300 0.300 0.000 0.000 0.000 0 0.000 0.111
1.000 0.300 0.300 0.000 0.000 0.000 0 0.111 0.111
1.000 0.300 0.300 0.000 0.000 0.000 0 0.222 0.111
1.000 0.300 0.300 0.000 0.000 0.000 0 0.333 0.111
1.000 0.300 0.300 0.000 0.000 0.000 0 0.444 0.111
1.000 0.300 0.300 0.000 0.000 0.000 0 0.556 0.111
1.000 0.300 0.300 0.000 0.000 0.000 0 0.667 0.111
1.000 0.300 0.300 0.000 0.000 0.000 0 0.778 0.111
1.000 0.300 0.300 0.000 0.000 0.000 0 0.889 0.111
1.000 0.300 0.300 0.000 0.000 0.000 0 1.000 0.111
1.000 0.300 0.300 0.000 0.000 0.000 0 0.000 0.222
1.000 0.300 0.300 0.000 0.000 0.000 0 0.111 0.222
1.000 0.300 0.300 0.000 0.000 0.000 0 0.222 0.222
1.000 0.300 0.300 0.000 0.000 0.000 0 0.333 0.222
1.000 0.300 0.300 0.000 0.000 0.000 0 0.444 0.222
1.000 0.300 0.300 0.000 0.000 0.000 0 0.556 0.222
1.000 0.300 0.300 0.000 0.000 0.000 0 0.667 0.222
1.000 0.300 0.300 0.000 0.000 0.000 0 0.778 0.222
1.000 0.300 0.300 0.000 0.000 0.000 0 0.889 0.222
1.000 0.300 0.300 0.000 0.000 0.000 0 1.000 0.222
1.000 0.300 0.300 0.000 0.000 0.000 0 0.000 0.333
1.000 0.300 0.300 0.000 0.000 0.000 0 0.111 0.333
1.000 0.300 0.300 0.000 0.000 0.000 0 0.222 0.333
1.000 0.300 0.300 0.000 0.000 0.000 0 0.333 0.333
1.000 0.300 0.300 0.000 0.000 0.000 0 0.444 0.333
1.000 0.300 0.300 0.000 0.000 0.000 0 0.556 0.333
1.000 0.300 0.300 0.000 0.000 0.000 0 0.667 0.333
1.000 0.300 0.300 0.000 0.000 0.000 0 0.778 0.333
1.000 0.300 0.300 0.000 0.000 0.000 0 0.889 0.333
1.000 0.300 0.300 0.000 0.000 0.000 0 1.000 0.333
1.000 0.300 0.300 0.000 0.000 0.000 0 0.000 0.444
1.000 0.300 0.300 0.000 0.000 0.000 0 0.111 0.444
1.000 0.300 0.300 0.000 0.000 0.000 0 0.222 0.444
1.000 0.300 0.300 0.000 0.000 0.000 0 0.333 0.444
1.000 0.300 0.300 0.000 0.000 0.000 0 0.444 0.444
1.000 0.300 0.300 0.000 0.000 0.000 0 0.556 0.444
1.000 0.300 0.300 0.000 0.000 0.000 0 0.667 0.444
1.000 0.300 0.300 0.000 0.000 0.000 0 0.778 0.444
1.000 0.300 0.300 0.000 0.000 0.000 0 0.889 0.444
1.000 0.300 0.300 0.000 0.000 0.000 0 1.000 0.444
1.000 0.300 0.300 0.000 0.000 0.000 0 0.000 0.556
1.000 0.300 0.300 0.000 0.000 0.000 0 0.111 0.556
1.000 0.300 0.300 0.000 0.000 0.000 0 0.222 0.556
1.000 0.300 0.300 0.000 0.000 0.000 0 0.333 0.556
1.000 0.300 0.300 0.000 0.000 0.000 0 0.444 0.556
1.000 0.300 0.300 0.000 0.000 0.000 0 0.556 0.556
1.000 0.300 0.300 0.000 0.000 0.000 0 0.667 0.556
1.000 0.300 0.300 0.000 0.000 0.000 0 0.778 0.556
1.000 0.300 0.300 0.000 0.000 0.000 0 0.889 0.556
1.000 0.300 0.300 0.000 0.000 0.000 0 1.000 0.556
1.000 0.300 0.300 0.000 0.000 0.000 0 0.000 0.667
1.000 0.300 0.300 0.000 0.000 0.000 0 0.111 0.667
1.000 0.300 0.300 0.000 0.000 0.000 0 0.222 0.667
1.000 0.300 0.300 0.000 0.000 0.000 0 0.333 0.667
1.000 0.300 0.300 0.000 0.000 0.000 0 0.444 0.667
1.000 0.300 0.300 0.000 0.000 0.000 0 0.556 0.667
1.000 0.300 0.300 0.000 0.000 0.000 0 0.667 0.667
1.000 0.300 0.300 0.000 0.000 0.000 0 0.778 0.667
1.000 0.300 0.300 0.000 0.000 0.000 0 0.889 0.667
1.000 0.300 0.300 0.000 0.000 0.000 0 1.000 0.667
1.000 0.300 0.300 0.000 0.000 0.000 0 0.000 0.778
1.000 0.300 0.300 0.000 0.000 0.000 0 0.111 0.778
1.000 0.300 0.300 0.000 0.000 0.000 0 0.222 0.778
1.000 0.300 0.300 0.000 0.000 0.000 0 0.333 0.778
1.000 0.300 0.300 0.000 0.000 0.000 0 0.444 0.778
1.000 0.300 0.300 0.000 0.000 0.000 0 0.556 0.778
1.000 0.300 0.300 0.000 0.000 0.000 0 0.667 0.778
1.000 0.300 0.300 0.000 0.000 0.000 0 0.778 0.778
1.000 0.300 0.300 0.000 0.000 0.000 0 0.889 0.778
1.000 0.300 0.300 0.000 0.000 0.000 0 1.000 0.778
1.000 0.300 0.300 0.000 0.000 0.000 0 0.000 0.889
1.000 0.300 0.300 0.000 0.000 0.000 0 0.111 0.889
1.000 0.300 0.300 0.000 0.000 0.000 0 0.222 0.889
1.000 0.300 0.300 0.000 0.000 0.000 0 0.333 0.889
1.000 0.300 0.300 0.000 0.000 0.000 0 0.444 0.889
1.000 0.300 0.300 0.000 0.000 0.000 0 0.556 0.889
1.000 0.300 0.300 0.000 0.000 0.000 0 0.667 0.889
1.000 0.300 0.300 0.000 0.000 0.000 0 0.778 0.889
1.000 0.300 0.300 0.000 0.000 0.000 0 0.889 0.889
1.000 0.300 0.300 0.000 0.000 0.000 0 1.000 0.889
1.000 0.300 0.300 0.000 0.000 0.000 0 0.000 0.995
1.000 0.300 0.300 0.000 0.000 0.000 0 0.111 0.995
1.000 0.300 0.300 0.000 0.000 0.000 0 0.222 0.995
1.000 0.300 0.300 0.000 0.000 0.000 0 0.333 0.995
1.000 0.300 0.300 0.000 0.000 0.000 0 0.444 0.995
1.000 0.300 0.300 0.000 0.000 0.000 0 0.556 0.995
1.000 0.300 0.300 0.000 0.000 0.000 0 0.667 0.995
1.000 0.300 0.300 0.000 0.000 0.000 0 0.778 0.995
1.000 0.300 0.300 0.000 0.000 0.000 0 0.889 0.995
1.000 0.300 0.300 0.000 0.000 0.000 0 1.000 0.995

# Number of spheres
100
# Position (x, y, z), radius, material index
-1.800 -1.800 7.500 0.150 8
-1.800 -1.400 7.500 0.150 9
-1.800 -1.000 7.500 0.150 10
-1.800 -0.600 7.500 0.150 11
-1.800 -0.200 7.500 0.150 12
-1.800 0.200 7.500 0.150 13
-1.800 0.600 7.500 0.150 14
-1.800 1.000 7.500 0.150 15
-1.800 1.400 7.500 0.150 16
-1.800 1.800 7.500 0.150 17
-1.400 -1.800 7.500 0.150 18
-1.400 -1.400 7.500 0.150 19
-1.400 -1.000 7.500 0.150 20
-1.400 -0.600 7.500 0.150 21
-1.400 -0.200 7.500 0.150 22
-1.400 0.200 7.500 0.150 23
-1.400 0.600 7.500 0.150 24
-1.400 1.000 7.500 0.150 25
-1.400 1.400 7.500 0.150 26
-1.400 1.800 7.500 0.150 27
-1.000 -1.800 7.500 0.150 28
-1.000 -1.400 7.500 0.150 29
-1.000 -1.000 7.500 0.150 30
-1.000 -0.600 7.500 0.150 31
-1.000 -0.200 7.500 0.150 32
-1.000 0.200 7.500 0.150 33
-1.000 0.600 7.500 0.150 34
-1.000 1.000 7.500 0.150 35
-1.000 1.400 7.500 0.150 36
-1.000 1.800 7.500 0.150 37
-0.600 -1.800 7.500 0.150 38
-0.600 -1.400 7.500 0.150 39
-0.600 -1.000 7.500 0.150 40
-0.600 -0.600 7.500 0.150 41
-0.600 -0.200 7.500 0.150 42
-0.600 0.200 7.500 0.150 43
-0.600 0.600 7.500 0.150 44
-0.600 1.000 7.500 0.150 45
-0.600 1.400 7.500 0.150 46
-0.600 1.800 7.500 0.150 47
-0.200 -1.800 7.500 0.150 48
-0.200 -1.400 7.500 0.150 49
-0.200 -1.000 7.500 0.150 50
-0.200 -0.600 7.500 0.150 51
-0.200 -0.200 7.500 0.150 52
-0.200 0.200 7.500 0.150 53
-0.200 0.600 7.500 0.150 54
-0.200 1.000 7.500 0.150 55
-0.200 1.400 7.500 0.150 56
-0.200 1.800 7.500 0.150 57
0.200 -1.800 7.500 0.150 58
0.200 -1.400 7.500 0.150 59
0.200 -1.000 7.500 0.150 60
0.200 -0.600 7.500 0.150 61
0.200 -0.200 7.500 0.150 62
0.200 0.200 7.500 0.150 63
0.200 0.600 7.500 0.150 64
0.200 1.000 7.500 0.150 65
0.200 1.400 7.500 0.150 66
0.200 1.800 7.500 0.150 67
0.600 -1.800 7.500 0.150 68
0.600 -1.400 7.500 0.150 69
0.600 -1.000 7.500 0.150 70
0.600 -0.600 7.500 0.150 71
0.600 -0.200 7.500 0.150 72
0.600 0.200 7.500 0.150 73
0.600 0.600 7.500 0.150 74
0.600 1.000 7.500 0.150 75
0.600 1.400 7.500 0.150 76
0.600 1.800 7.500 0.150 77
1.000 -1.800 7.500 0.150 78
1.000 -1.400 7.500 0.150 79
1.000 -1.000 7.500 0.150 80
1.000 -0.600 7.500 0.150 81
1.000 -0.200 7.500 0.150 82
1.000 0.200 7.500 0.150 83
1.000 0.600 7.500 0.150 84
1.000 1.000 7.500 0.150 85
1.000 1.400 7.500 0.150 86
1.000 1.800 7.500 0.150 87
1.400 -1.800 7.500 0.150 88
1.400 -1.400 7.500 0.150 89
1.400 -1.000 7.500 0.150 90
1.400 -0.600 7.500 0.150 91
1.400 -0.200 7.500 0.150 92
1.400 0.200 7.500 0.150 93
1.400 0.600 7.500 0.150 94
1.400 1.000 7.500 0.150 95
1.400 1.400 7.500 0.150 96
1.400 1.800 7.500 0.150 97
1.800 -1.800 7.500 0.150 98
1.800 -1.400 7.500 0.150 99
1.800 -1.000 7.500 0.150 100
1.800 -0.600 7.500 0.150 101
1.800 -0.200 7.500 0.150 102
1.800 0.200 7.500 0.150 103
1.800 0.600 7.500 0.150 104
1.800 1.000 7.500 0.150 105
1.800 1.400 7.500 0.150 106
1.800 1.800 7.500 0.150 107

# Number of planes
0
# Normal (x, y, z), distance, material index
# Number of triangles
# A (x, y, z), B (x, y, z), C(x, y, z), material index)
8
-6.000 -2.000 -0.500 -2.000 -2.000 -0.500 -2.000 2.000 -0.500 4
-6.000 -2.000 -0.500 -2.000 2.000 -0.500 -6.000 2.000 -0.500 4
-2.000 -2.000 -0.500 2.000 -2.000 -0.500 2.000 2.000 -0.500 5
-2.000 -2.000 -0.500 2.000 2.000 -0.500 -2.000 2.000 -0.500 5
2.000 -2.000 -0.500 6.000 -2.000 -0.500 6.000 2.000 -0.500 6
2.000 -2.000 -0.500 6.000 2.000 -0.500 2.000 2.000 -0.500 6
-100.000 16.000 -0.500 100.000 16.000 -0.500 100.000 20.000 -0.500 7
-100.000 16.000 -0.500 100.000 20.000 -0.500 -100.000 20.000 -0.500 7
